4.3 4.3 -1.5708 
4.24103 4.19192 -1.58502 
4.18207 4.08383 -1.59924 
4.1231 3.97575 -1.61347 
4.06413 3.86767 -1.62769 
4.00517 3.75958 -1.64191 
3.9462 3.6515 -1.65614 
3.88724 3.54342 -1.67036 
3.82827 3.43533 -1.68458 
3.7693 3.32725 -1.69881 
3.71034 3.21917 -1.71303 
3.65137 3.11108 -1.72725 
3.5924 3.003 -1.74148 
3.53344 2.89492 -1.7557 
3.47447 2.78683 -1.76992 
3.41551 2.67875 -1.78415 
3.35654 2.57067 -1.79837 
3.29757 2.46258 -1.81259 
3.23861 2.3545 -1.82682 
3.17964 2.24641 -1.84104 
3.12067 2.13833 -1.85526 
3.06171 2.03025 -1.86949 
3.00274 1.92216 -1.88371 
2.94378 1.81408 -1.89793 
2.88481 1.706 -1.91216 
2.82584 1.59791 -1.92638 
2.76619 1.4902 -1.94069 
2.70515 1.38324 -1.95517 
2.64203 1.27739 -1.96992 
2.57615 1.17304 -1.98501 
2.50681 1.07055 -2.00053 
2.43333 0.970291 -2.01658 
2.35501 0.872647 -2.03323 
2.27115 0.777985 -2.05058 
2.18249 0.68597 -2.06853 
2.08973 0.596269 -2.08699 
1.99359 0.508546 -2.10587 
1.8948 0.422467 -2.12508 
1.79407 0.337697 -2.14453 
1.69212 0.253902 -2.16413 
1.58967 0.170746 -2.18377 
1.48744 0.0878945 -2.20339 
1.38545 0.00538637 -2.22296 
1.28374 -0.0767406 -2.24248 
1.18233 -0.158448 -2.26196 
1.08124 -0.239699 -2.28138 
0.980505 -0.320453 -2.30074 
0.880153 -0.400675 -2.32003 
0.78021 -0.480324 -2.33926 
0.680702 -0.559364 -2.35841 
0.581657 -0.637755 -2.37749 
0.483103 -0.715461 -2.39648 
0.385066 -0.792442 -2.41539 
0.287574 -0.868661 -2.4342 
0.190653 -0.94408 -2.45292 
0.0943324 -1.01866 -2.47154 
-0.00136227 -1.09236 -2.49005 
-0.0964032 -1.16515 -2.50846 
-0.190763 -1.23699 -2.52675 
-0.284415 -1.30783 -2.54492 
-0.377332 -1.37765 -2.56296 
-0.469486 -1.4464 -2.58088 
-0.56085 -1.51404 -2.59866 
-0.651397 -1.58054 -2.61631 
-0.741099 -1.64586 -2.63382 
-0.82993 -1.70996 -2.65117 
-0.917917 -1.77287 -2.66839 
-1.00509 -1.83465 -2.68547 
-1.09147 -1.89532 -2.70242 
-1.17708 -1.95492 -2.71924 
-1.26197 -2.01349 -2.73593 
-1.34614 -2.07107 -2.75251 
-1.42963 -2.1277 -2.76897 
-1.51247 -2.18341 -2.78532 
-1.59468 -2.23825 -2.80156 
-1.6763 -2.29224 -2.81771 
-1.75734 -2.34544 -2.83376 
-1.83784 -2.39788 -2.84972 
-1.91781 -2.44959 -2.86559 
-1.9973 -2.50061 -2.88137 
-2.07633 -2.55099 -2.89708 
-2.15492 -2.60076 -2.91272 
-2.2331 -2.64995 -2.92829 
-2.3109 -2.69861 -2.94379 
-2.38835 -2.74678 -2.95924 
-2.46547 -2.79449 -2.97463 
-2.54229 -2.84178 -2.98997 
-2.61884 -2.88869 -3.00526 
-2.69514 -2.93525 -3.02051 
-2.77122 -2.98151 -3.03573 
-2.84712 -3.02751 -3.05091 
-2.92285 -3.07327 -3.06607 
-2.99844 -3.11885 -3.0812 
-3.07393 -3.16427 -3.09631 
-3.14933 -3.20958 -3.11141 
-3.22468 -3.25481 -3.12651 
-3.3 -3.3 -3.14159 

