4.3 4.3 0 
4.2531 4.19839 -0.0192203 
4.20617 4.09683 -0.0384445 
4.15922 3.99536 -0.0576767 
4.11222 3.89403 -0.0769207 
4.06515 3.79289 -0.0961806 
4.01799 3.69197 -0.11546 
3.97074 3.59134 -0.134764 
3.92337 3.49102 -0.154095 
3.87586 3.39107 -0.173457 
3.82821 3.29154 -0.192855 
3.78039 3.19247 -0.212293 
3.73239 3.09391 -0.231775 
3.68419 2.9959 -0.251303 
3.63577 2.89849 -0.270884 
3.58712 2.80173 -0.290519 
3.53823 2.70566 -0.310214 
3.48906 2.61033 -0.329972 
3.43961 2.51578 -0.349798 
3.38987 2.42206 -0.369694 
3.3398 2.32922 -0.389666 
3.28941 2.2373 -0.409717 
3.23866 2.14635 -0.429851 
3.18755 2.05641 -0.450072 
3.13606 1.96753 -0.470383 
3.08417 1.87977 -0.49079 
3.03186 1.79315 -0.511296 
2.97912 1.70774 -0.531904 
2.92594 1.62357 -0.55262 
2.87228 1.54069 -0.573445 
2.81815 1.45915 -0.594386 
2.76351 1.37899 -0.615446 
2.70837 1.30026 -0.636627 
2.65268 1.22301 -0.657936 
2.59652 1.14723 -0.679349 
2.53992 1.0729 -0.700843 
2.48294 1.00003 -0.722396 
2.42563 0.928589 -0.743987 
2.36803 0.858583 -0.765591 
2.31019 0.789997 -0.787187 
2.25217 0.722824 -0.808753 
2.194 0.657053 -0.830266 
2.13575 0.592677 -0.851703 
2.07747 0.529685 -0.873043 
2.01919 0.468069 -0.894262 
1.96097 0.40782 -0.915338 
1.90286 0.348928 -0.936249 
1.84491 0.291384 -0.956972 
1.78717 0.23518 -0.977485 
1.72968 0.180305 -0.997765 
1.6725 0.126751 -1.01779 
1.61567 0.0745092 -1.03754 
1.55926 0.0235697 -1.05699 
1.50329 -0.0260762 -1.07611 
1.44783 -0.0744379 -1.09489 
1.39292 -0.121524 -1.1133 
1.33861 -0.167345 -1.13133 
1.28495 -0.211908 -1.14894 
1.232 -0.255224 -1.16611 
1.17979 -0.297301 -1.18283 
1.12839 -0.338149 -1.19907 
1.07783 -0.377776 -1.21481 
1.02817 -0.416192 -1.23002 
0.979455 -0.453405 -1.24469 
0.931739 -0.489426 -1.25879 
0.885068 -0.524263 -1.27229 
0.839347 -0.558 -1.28527 
0.794477 -0.590723 -1.29778 
0.750362 -0.622515 -1.3099 
0.706906 -0.65346 -1.32168 
0.66401 -0.683644 -1.33319 
0.62158 -0.71315 -1.3445 
0.579517 -0.742064 -1.35567 
0.537724 -0.770468 -1.36675 
0.496105 -0.798449 -1.37783 
0.454564 -0.826089 -1.38896 
0.413002 -0.853475 -1.40021 
0.371323 -0.880689 -1.41163 
0.329431 -0.907817 -1.42331 
0.287228 -0.934942 -1.43529 
0.244617 -0.96215 -1.44765 
0.201502 -0.989525 -1.46044 
0.157786 -1.01715 -1.47374 
0.113371 -1.04511 -1.48761 
0.0681613 -1.07349 -1.50211 
0.0220597 -1.10238 -1.5173 
-0.0250307 -1.13185 -1.53326 
-0.0732069 -1.162 -1.55004 
-0.122566 -1.1929 -1.56771 
-0.173204 -1.22465 -1.58634 
-0.225219 -1.25732 -1.60598 
-0.278707 -1.291 -1.62671 
-0.333765 -1.32578 -1.64858 
-0.39049 -1.36174 -1.67167 
-0.448979 -1.39896 -1.69603 
-0.509329 -1.43753 -1.72173 
-0.571637 -1.47753 -1.74884 
-0.635999 -1.51905 -1.77741 
-0.702352 -1.56204 -1.80741 
-0.770631 -1.60646 -1.83879 
-0.840771 -1.65224 -1.8715 
-0.91271 -1.69936 -1.9055 
-0.986382 -1.74775 -1.94073 
-1.06172 -1.79738 -1.97716 
-1.13867 -1.84819 -2.01474 
-1.21716 -1.90014 -2.05342 
-1.29712 -1.95318 -2.09315 
-1.3785 -2.00727 -2.1339 
-1.46122 -2.06235 -2.17561 
-1.54523 -2.11837 -2.21824 
-1.63046 -2.1753 -2.26174 
-1.71685 -2.23308 -2.30606 
-1.80432 -2.29167 -2.35117 
-1.89283 -2.35102 -2.39702 
-1.98229 -2.41107 -2.44355 
-2.07266 -2.4718 -2.49072 
-2.16386 -2.53313 -2.53849 
-2.25583 -2.59504 -2.58681 
-2.34851 -2.65747 -2.63564 
-2.44183 -2.72037 -2.68493 
-2.53573 -2.7837 -2.73463 
-2.63014 -2.84741 -2.78469 
-2.725 -2.91145 -2.83508 
-2.82024 -2.97577 -2.88575 
-2.91581 -3.04033 -2.93664 
-3.01163 -3.10508 -2.98772 
-3.10765 -3.16998 -3.03893 
-3.20379 -3.23496 -3.09024 
-3.3 -3.3 -3.14159 

